(undefined)
00000000
00000000
00000000
11111111
11000011
10100101
10100101
10011001
10011001
10100101
11000011
11111111
00000000
00000000
00000000
00000000

(space)
00000000
00000000
00000000
00000000
00000000
00000000
00000000
00000000
00000000
00000000
00000000
00000000
00000000
00000000
00000000
00000000

A
00000000
00000000
00111000
00111000
00111000
01101100
01101100
01101100
01111100
11000110
11000110
11000110
00000000
00000000
00000000
00000000
B
00000000
00000000
11111100
11000110
11000110
11000110
11111100
11000110
11000110
11000110
11000110
11111100
00000000
00000000
00000000
00000000
C
00000000
00000000
00111100
01100110
11000000
11000000
11000000
11000000
11000000
11000000
01100110
00111100
00000000
00000000
00000000
00000000
D
00000000
00000000
11111000
11001100
11000110
11000110
11000110
11000110
11000110
11000110
11001100
11111000
00000000
00000000
00000000
00000000
E
00000000
00000000
11111110
11000000
11000000
11000000
11111100
11000000
11000000
11000000
11000000
11111110
00000000
00000000
00000000
00000000
F
00000000
00000000
11111110
11000000
11000000
11000000
11111100
11000000
11000000
11000000
11000000
11000000
00000000
00000000
00000000
00000000
G
00000000
00000000
00111100
01100110
11000000
11000000
11000000
11001110
11000110
11000110
01100110
00111100
00000000
00000000
00000000
00000000
H
00000000
00000000
11000110
11000110
11000110
11000110
11111110
11000110
11000110
11000110
11000110
11000110
00000000
00000000
00000000
00000000
I
00000000
00000000
00111100
00011000
00011000
00011000
00011000
00011000
00011000
00011000
00011000
00111100
00000000
00000000
00000000
00000000
J
00000000
00000000
00011110
00001100
00001100
00001100
00001100
00001100
00001100
11001100
11001100
01111000
00000000
00000000
00000000
00000000
K
00000000
00000000
11000110
11001100
11011000
11110000
11100000
11100000
11110000
11011000
11001100
11000110
00000000
00000000
00000000
00000000
L
00000000
00000000
11000000
11000000
11000000
11000000
11000000
11000000
11000000
11000000
11000000
11111110
00000000
00000000
00000000
00000000
M
00000000
00000000
11000110
11101110
11111110
11111110
11010110
11010110
11000110
11000110
11000110
11000110
00000000
00000000
00000000
00000000
N
00000000
00000000
11000110
11100110
11110110
11111110
11011110
11001110
11000110
11000110
11000110
11000110
00000000
00000000
00000000
00000000
O
00000000
00000000
01111100
11000110
11000110
11000110
11000110
11000110
11000110
11000110
11000110
01111100
00000000
00000000
00000000
00000000
P
00000000
00000000
11111110
11000110
11000110
11000110
11000110
11111110
11000000
11000000
11000000
11000000
00000000
00000000
00000000
00000000
Q
00000000
00000000
01111100
11000110
11000110
11000110
11000110
11000110
11000110
11110110
11011110
01111100
00001100
00000110
00000000
00000000
00000000
R
00000000
00000000
11111100
11000110
11000110
11000110
11000110
11111100
11011000
11001100
11000110
11000110
00000000
00000000
00000000
00000000
S
00000000
00000000
01111100
11000110
11000000
01100000
00111000
00001100
00000110
00000110
11000110
01111100
00000000
00000000
00000000
00000000
T
00000000
00000000
01111110
00011000
00011000
00011000
00011000
00011000
00011000
00011000
00011000
00011000
00000000
00000000
00000000
00000000
U
00000000
00000000
11000110
11000110
11000110
11000110
11000110
11000110
11000110
11000110
11000110
01111100
00000000
00000000
00000000
00000000
V
00000000
00000000
11000110
11000110
11000110
11000110
01101100
01101100
01101100
00111000
00111000
00010000
00000000
00000000
00000000
00000000
W
00000000
00000000
11000110
11000110
11000110
11000110
11010110
11010110
11111110
11101110
11000110
11000110
00000000
00000000
00000000
00000000
X
00000000
00000000
11000110
11000110
01101100
01101100
00111000
00111000
01101100
01101100
11000110
11000110
00000000
00000000
00000000
00000000
Y
00000000
00000000
01100110
01100110
01100110
01100110
00111100
00011000
00011000
00011000
00011000
00011000
00000000
00000000
00000000
00000000
Z
00000000
00000000
11111110
00001100
00011000
00011000
00110000
00110000
01100000
01100000
11000000
11111110
00000000
00000000
00000000
00000000

a
00000000
00000000
00000000
00000000
00000000
01111100
00000110
01111110
11000110
11000110
11000110
01111110
00000000
00000000
00000000
00000000
b
00000000
00000000
11000000
11000000
11000000
11111100
11000110
11000110
11000110
11000110
11000110
11111100
00000000
00000000
00000000
00000000
c
00000000
00000000
00000000
00000000
00000000
01111100
11000110
11000000
11000000
11000000
11000110
01111100
00000000
00000000
00000000
00000000
d
00000000
00000000
00000110
00000110
00000110
01111110
11000110
11000110
11000110
11000110
11000110
01111110
00000000
00000000
00000000
00000000
e
00000000
00000000
00000000
00000000
00000000
01111100
11000110
11111110
11000000
11000000
11000110
01111100
00000000
00000000
00000000
00000000
f
00000000
00000000
00111100
01100110
01100000
01100000
11110000
01100000
01100000
01100000
01100000
01100000
00000000
00000000
00000000
00000000
g
00000000
00000000
00000000
00000000
00000000
01111110
11000110
11000110
11000110
11000110
11000110
01111110
00000110
00000110
01111100
00000000
h
00000000
00000000
11000000
11000000
11000000
11111100
11000110
11000110
11000110
11000110
11000110
11000110
00000000
00000000
00000000
00000000
i
00000000
00000000
00011000
00011000
00000000
00011000
00011000
00011000
00011000
00011000
00011000
00011000
00000000
00000000
00000000
00000000
j
00000000
00000000
00000110
00000110
00000000
00000110
00000110
00000110
00000110
00000110
00000110
00000110
00000110
01100110
00111100
00000000
k
00000000
00000000
11000000
11000000
11000000
11000110
11001100
11011000
11110000
11011000
11001100
11000110
00000000
00000000
00000000
00000000
l
00000000
00000000
00111000
00011000
00011000
00011000
00011000
00011000
00011000
00011000
00011000
00011000
00111100
00000000
00000000
00000000
00000000
m
00000000
00000000
00000000
00000000
00000000
11101100
11010110
11010110
11010110
11010110
11000110
11000110
00000000
00000000
00000000
00000000
n
00000000
00000000
00000000
00000000
00000000
11111100
11000110
11000110
11000110
11000110
11000110
11000110
00000000
00000000
00000000
00000000
o
00000000
00000000
00000000
00000000
00000000
01111100
11000110
11000110
11000110
11000110
11000110
01111100
00000000
00000000
00000000
00000000
p
00000000
00000000
00000000
00000000
00000000
11111100
11000110
11000110
11000110
11000110
11000110
11111100
11000000
11000000
11000000
00000000
q
00000000
00000000
00000000
00000000
00000000
01111110
11000110
11000110
11000110
11000110
11000110
01111110
00000110
00000110
00000110
00000000
r
00000000
00000000
00000000
00000000
00000000
11111100
11000110
11000000
11000000
11000000
11000000
11000000
00000000
00000000
00000000
00000000
s
00000000
00000000
00000000
00000000
00000000
01111100
11000000
01110000
00011100
00000110
00000110
01111100
00000000
00000000
00000000
00000000
t
00000000
00000000
00010000
00110000
00110000
11111100
00110000
00110000
00110000
00110000
00110000
00011100
00000000
00000000
00000000
00000000
u
00000000
00000000
00000000
00000000
00000000
11000110
11000110
11000110
11000110
11000110
11000110
01111100
00000000
00000000
00000000
00000000
v
00000000
00000000
00000000
00000000
00000000
11000110
11000110
11000110
11000110
01101100
00111000
00010000
00000000
00000000
00000000
00000000
w
00000000
00000000
00000000
00000000
00000000
11000110
11000110
11000110
11010110
11010110
11111110
11000110
00000000
00000000
00000000
00000000
x
00000000
00000000
00000000
00000000
00000000
11000110
01101100
00111000
00111000
00111000
01101100
11000110
00000000
00000000
00000000
00000000
y
00000000
00000000
00000000
00000000
00000000
11000110
11000110
11000110
11000110
11000110
11000110
01111110
00000110
00000110
01111100
00000000
z
00000000
00000000
00000000
00000000
00000000
11111110
00000110
00001100
00011000
00110000
11000000
11111110
00000000
00000000
00000000
00000000